p,q,type,variable,value,se,pval
0,0,fit,N,8736,,
0,0,fit,ll,-1005.841505975658,,
0,0,fit,AIC,2055.683011951316,,
0,0,fit,BIC,2211.337581306979,,
0,0,lbq_std,L1,4559.261921900837,,0
0,0,lbq_sq,L1,11.03543046044268,,.0008938691799159
0,0,lbq_std,L2,7564.870164961553,,0
0,0,lbq_sq,L2,16.68934533597023,,.000237659241656
0,0,lbq_std,L3,9880.46058602716,,0
0,0,lbq_sq,L3,19.40324095646089,,.0002256215973218
0,0,lbq_std,L4,11748.77824739319,,0
0,0,lbq_sq,L4,19.43707144454832,,.0006448059307295
0,0,lbq_std,L5,13308.21323211903,,0
0,0,lbq_sq,L5,20.22035165108577,,.0011361470063637
0,0,lbq_std,L10,18477.36767750275,,0
0,0,lbq_sq,L10,31.11445800621076,,.000561723417987
0,0,lbq_std,L15,22058.41237459251,,0
0,0,lbq_sq,L15,32.61956297996998,,.0052965958455841
0,0,lbq_std,L20,25159.89773768224,,0
0,0,lbq_sq,L20,36.07091813690268,,.0150885005663868
0,0,coef,_cons,1.833849353058034,.8105625174245978,.023670209760674
0,0,coef,wind_log,-.1570123372290013,.012299065190504,0
0,0,coef,hydro_log_ds,-.8249130783027898,.1261539098812266,6.19555518000e-11
0,0,coef,consump_log_ds,2.28968769991717,.1407103895321056,0
0,0,coef,oil_log,-.1903265801466519,.2499410206909311,.4463668567553609
0,0,coef,gas_log,-.0688308726096014,.0968174516836501,.4771247873572673
0,0,coef,netexch_dk2,-.0000452378960171,.0000128509602096,.0004312283509842
0,0,coef,netexch_ger,-.0000103375333962,.0000190614685299,.5875938241439491
0,0,coef,netexch_pl,.0000577255583653,.0000217106306196,.0078405203273135
0,0,coef,netexch_se3,.0000609804943565,6.59698377553e-06,0
0,0,var_coef,omega,-17.18633729174188,3.542541961141761,1.22584427742e-06
0,0,var_coef,arch1,.8153090997256167,.0224348585872784,0
0,0,var_coef,garch1,.0809635537455666,.02732480262679,.0030465064464882
0,0,var_coef,het_wind_log,-.0144698357017203,.0471094199422512,.7587263357109904
0,0,var_coef,het_hydro_log_ds,2.344740177294108,.7240454812802702,.001202072200212
0,0,var_coef,het_consump_log_ds,-2.396318219822048,.7727751699393977,.0019291682990996
0,0,var_coef,het_oil_log,3.366553102700971,1.119556546563848,.0026380366430643
0,0,var_coef,het_gas_log,-.0628493569494388,.4932373740674286,.8986063015539947
0,0,var_coef,het_netexch_dk2,-.0000300142321698,.0001059394322585,.7769353659233609
0,0,var_coef,het_netexch_ger,-.0002934762323657,.0001785692004892,.1002821286402347
0,0,var_coef,het_netexch_pl,-.0001009667821449,.0001784455705479,.5715210662006003
0,0,var_coef,het_netexch_se3,-.0002711586724443,.0000533870011684,3.79198853206e-07
0,0,var_coef,persistence,.8962726534711833,,
0,1,fit,N,8736,,
0,1,fit,ll,1477.677140345115,,
0,1,fit,AIC,-2909.35428069023,,
0,1,fit,BIC,-2746.624503636582,,
0,1,lbq_std,L1,1677.62309122156,,0
0,1,lbq_sq,L1,24.94096207086836,,5.91129959324e-07
0,1,lbq_std,L2,4864.702433410504,,0
0,1,lbq_sq,L2,112.4009051916448,,3.91249285250e-25
0,1,lbq_std,L3,5953.670997011005,,0
0,1,lbq_sq,L3,143.6718688104195,,6.10475016141e-31
0,1,lbq_std,L4,7647.97075173757,,0
0,1,lbq_sq,L4,145.5756733702898,,1.80563080671e-30
0,1,lbq_std,L5,8498.233655996433,,0
0,1,lbq_sq,L5,153.9868317513192,,1.89087019030e-31
0,1,lbq_std,L10,12302.04662757562,,0
0,1,lbq_sq,L10,159.044749626609,,5.10193509753e-29
0,1,lbq_std,L15,14885.1917805523,,0
0,1,lbq_sq,L15,161.2425661169771,,1.38809625252e-26
0,1,lbq_std,L20,17085.60322831172,,0
0,1,lbq_sq,L20,166.5085254415996,,4.13071805958e-25
0,1,coef,_cons,1.813540549201149,.5502880806420073,.0009820466003068
0,1,coef,wind_log,-.1670507106342521,.0082935939487116,0
0,1,coef,hydro_log_ds,-.876820901000593,.1068241144148029,2.22044604925e-16
0,1,coef,consump_log_ds,2.322342943891826,.1179924405561354,0
0,1,coef,oil_log,-.1891441647259283,.1673115491468959,.2582694787242561
0,1,coef,gas_log,-.039588353184295,.0653827624496173,.5448560643958498
0,1,coef,netexch_dk2,-.0000268600867045,.0000100236209948,.007369279043594
0,1,coef,netexch_ger,-.0000182982786042,.000014377977009,.2031386586216031
0,1,coef,netexch_pl,.0000510208610486,.0000159015481958,.0013340761080691
0,1,coef,netexch_se3,.0000527382619619,5.42044350042e-06,0
0,1,coef,ma_L1,.7143266430802047,.0054584898601184,0
0,1,var_coef,omega,-16.47241444385574,3.606581766803333,4.93998647677e-06
0,1,var_coef,arch1,.3656136225513443,.019095160316666,0
0,1,var_coef,garch1,.5300094040916341,.0224699854281225,0
0,1,var_coef,het_wind_log,-.0399920566375833,.0532466799347071,.45260970718937
0,1,var_coef,het_hydro_log_ds,2.175949022508026,.7437345871984422,.0034367514242515
0,1,var_coef,het_consump_log_ds,-2.357338066971059,.8757522484407214,.0071070428987798
0,1,var_coef,het_oil_log,2.821725438681129,1.174426412314968,.0162771434239206
0,1,var_coef,het_gas_log,.1504473463549306,.5016910586024653,.7642683380519062
0,1,var_coef,het_netexch_dk2,-.0001378629805457,.0001237384723635,.2652156679818416
0,1,var_coef,het_netexch_ger,-.0002387210149697,.0001915769012364,.2127333597347345
0,1,var_coef,het_netexch_pl,-.0000998744098242,.0001724962445342,.5625927553480294
0,1,var_coef,het_netexch_se3,-.0003027091395585,.0000630598761108,1.58392795746e-06
0,1,var_coef,persistence,.8956230266429783,,
0,2,fit,N,8736,,
0,2,fit,ll,2753.382703484023,,
0,2,fit,AIC,-5458.765406968047,,
0,2,fit,BIC,-5288.960422216414,,
0,2,lbq_std,L1,467.4127807450243,,1.1715742505e-103
0,2,lbq_sq,L1,9.70140134555826,,.0018412754505316
0,2,lbq_std,L2,1797.496373132508,,0
0,2,lbq_sq,L2,9.832463498761165,,.0073266876890589
0,2,lbq_std,L3,3461.615839312361,,0
0,2,lbq_sq,L3,26.10921665844732,,9.04818643733e-06
0,2,lbq_std,L4,3803.067909445931,,0
0,2,lbq_sq,L4,49.26950300947306,,5.12970594460e-10
0,2,lbq_std,L5,4800.749609078514,,0
0,2,lbq_sq,L5,52.47465456468601,,4.31122822964e-10
0,2,lbq_std,L10,7123.174831352067,,0
0,2,lbq_sq,L10,56.73644862299454,,1.49378601549e-08
0,2,lbq_std,L15,8864.854867114876,,0
0,2,lbq_sq,L15,61.20116250339442,,1.56584460875e-07
0,2,lbq_std,L20,10285.38485670229,,0
0,2,lbq_sq,L20,69.58197904556816,,2.13099633999e-07
0,2,coef,_cons,1.858387245087029,.5195845236673682,.0003479865707321
0,2,coef,wind_log,-.1700678320451861,.0081621597742083,0
0,2,coef,hydro_log_ds,-.9389343591093422,.1045595429524391,0
0,2,coef,consump_log_ds,2.256785414949795,.1107509319208442,0
0,2,coef,oil_log,-.2135986930265704,.163020616019125,.1901093449595235
0,2,coef,gas_log,-.0155610011632602,.0658888026724189,.8133002555439255
0,2,coef,netexch_dk2,-.0000222008100731,9.24945186099e-06,.0163847817607294
0,2,coef,netexch_ger,-.0000365837821519,.0000140153336194,.0090471214880348
0,2,coef,netexch_pl,.0000284203614665,.0000154646512073,.0660973581699094
0,2,coef,netexch_se3,.0000439070123838,4.98943426807e-06,0
0,2,coef,ma_L1,.9857893158260296,.0124580509406539,0
0,2,coef,ma_L2,.5069939408214703,.0088858226889392,0
0,2,var_coef,omega,-15.61986779165087,3.399804499020064,4.34114950942e-06
0,2,var_coef,arch1,.2390804352892763,.0204642047202709,0
0,2,var_coef,garch1,.6435840210052668,.030600112886496,0
0,2,var_coef,het_wind_log,-.0444162227342897,.0512200145321771,.3858514088259923
0,2,var_coef,het_hydro_log_ds,2.260081044877637,.7311010259997013,.0019925606953552
0,2,var_coef,het_consump_log_ds,-2.277455331054809,.8322641956493337,.006210467761431
0,2,var_coef,het_oil_log,2.406733599171167,1.126008166008096,.0325652011325543
0,2,var_coef,het_gas_log,.335489281718764,.4914436941621008,.4948212872445188
0,2,var_coef,het_netexch_dk2,-.0001420258402838,.000121493159139,.242402512977782
0,2,var_coef,het_netexch_ger,-.0002858728744227,.0001887203523901,.1298240207453414
0,2,var_coef,het_netexch_pl,.0000360541716171,.0001758106818338,.8375144348051964
0,2,var_coef,het_netexch_se3,-.0003196865090276,.00006164347702,2.14794523501e-07
0,2,var_coef,persistence,.8826644562945432,,
0,3,fit,N,8736,,
0,3,fit,ll,3408.270044530697,,
0,3,fit,AIC,-6766.540089061395,,
0,3,fit,BIC,-6589.659896611777,,
0,3,lbq_std,L1,122.4237526136722,,1.86444391418e-28
0,3,lbq_sq,L1,1.006758432228234,,.3156806726957274
0,3,lbq_std,L2,574.1688385167489,,2.0932489194e-125
0,3,lbq_sq,L2,3.989180629144847,,.1360693883948836
0,3,lbq_std,L3,1392.279409870687,,1.3947050382e-301
0,3,lbq_sq,L3,4.206864132004505,,.2399755533914139
0,3,lbq_std,L4,2243.7596590814,,0
0,3,lbq_sq,L4,4.210228159359994,,.3783015597384123
0,3,lbq_std,L5,2390.245449332869,,0
0,3,lbq_sq,L5,7.537251991548222,,.1836502622044826
0,3,lbq_std,L10,4005.584595765344,,0
0,3,lbq_sq,L10,12.46624109391667,,.2550633195303049
0,3,lbq_std,L15,5095.687505385848,,0
0,3,lbq_sq,L15,16.84919977775269,,.3279589277618317
0,3,lbq_std,L20,6000.838486858043,,0
0,3,lbq_sq,L20,29.20200450026825,,.0838573709721989
0,3,coef,_cons,1.882768636712697,.5424005401262521,.0005181810453565
0,3,coef,wind_log,-.1687639613712361,.0080914591792073,0
0,3,coef,hydro_log_ds,-.9320539266058434,.1128490610693047,2.22044604925e-16
0,3,coef,consump_log_ds,2.182101309802381,.1075420583572671,0
0,3,coef,oil_log,-.242126890897216,.1752613292004959,.1671193792376451
0,3,coef,gas_log,.0127697044276422,.0716841812059612,.8586142955139193
0,3,coef,netexch_dk2,-.0000203280419729,9.08919241280e-06,.0253185827671731
0,3,coef,netexch_ger,-.0000401479809526,.0000138396389349,.0037204349691211
0,3,coef,netexch_pl,.0000155641989132,.0000158474394697,.3260372627149308
0,3,coef,netexch_se3,.00003722251186,4.99014830154e-06,8.70414851306e-14
0,3,coef,ma_L1,1.080759022754741,.0140536130709564,0
0,3,coef,ma_L2,.7966132095456543,.0117015374138493,0
0,3,coef,ma_L3,.3643532945384753,.0087674377532063,0
0,3,var_coef,omega,-15.70049345222556,3.272384323548113,1.60357181267e-06
0,3,var_coef,arch1,.1930510501502441,.0252572827369424,2.10942374679e-14
0,3,var_coef,garch1,.6700003578466416,.0486569576058863,0
0,3,var_coef,het_wind_log,-.0183000290773729,.0475735817458917,.7004834916755167
0,3,var_coef,het_hydro_log_ds,2.289926496461831,.7050529438847308,.0011626879260584
0,3,var_coef,het_consump_log_ds,-2.522513366260916,.7669505191843242,.0010053791811819
0,3,var_coef,het_oil_log,2.500815033968824,1.088614336693352,.0216047349435065
0,3,var_coef,het_gas_log,.1947618510186388,.4789240344351315,.6842537301445535
0,3,var_coef,het_netexch_dk2,-.0001441374094513,.0001199264434318,.2294093275936717
0,3,var_coef,het_netexch_ger,-.0002535128718346,.0001829085903827,.165744289913238
0,3,var_coef,het_netexch_pl,.0000522596021252,.0001716633675463,.7607997685868375
0,3,var_coef,het_netexch_se3,-.0003218704121875,.0000585981576411,3.95516972507e-08
0,3,var_coef,persistence,.8630514079968856,,
1,0,fit,N,8736,,
1,0,fit,ll,4470.216181358444,,
1,0,fit,AIC,-8894.432362716889,,
1,0,fit,BIC,-8731.702585663241,,
1,0,lbq_std,L1,64.66271298337982,,8.88809850731e-16
1,0,lbq_sq,L1,2.155561548084024,,.1420544997868685
1,0,lbq_std,L2,80.83495271569618,,2.79842096223e-18
1,0,lbq_sq,L2,2.499734403275621,,.2865428467543987
1,0,lbq_std,L3,100.1610142857577,,1.43507413318e-21
1,0,lbq_sq,L3,3.642738099073838,,.3027158393995308
1,0,lbq_std,L4,106.6183478010789,,3.82818693673e-22
1,0,lbq_sq,L4,9.560776749229648,,.0485132898354912
1,0,lbq_std,L5,108.0044840742216,,1.08171331669e-21
1,0,lbq_sq,L5,15.6586644708037,,.0078892799712891
1,0,lbq_std,L10,142.9402232551067,,1.05160952282e-25
1,0,lbq_sq,L10,35.01924701975391,,.0001239244255988
1,0,lbq_std,L15,161.780028255879,,1.08388207923e-26
1,0,lbq_sq,L15,80.57951880368955,,5.47157669309e-11
1,0,lbq_std,L20,172.1493000402057,,3.30897330327e-26
1,0,lbq_sq,L20,93.92158123280034,,1.51669544585e-11
1,0,coef,_cons,1.316989955125189,1.245759682930842,.2904302758980404
1,0,coef,wind_log,-.0938480315974796,.0120807525568047,7.99360577730e-15
1,0,coef,hydro_log_ds,-.5037233939380812,.2862043115018138,.078405552037373
1,0,coef,consump_log_ds,1.569866625205141,.1402498090547697,0
1,0,coef,oil_log,-.1134008959376133,.4048010119681136,.7793702101015829
1,0,coef,gas_log,-.1037982039271425,.1676553550757792,.5358395856315938
1,0,coef,netexch_dk2,-.0000476611341151,9.50325555023e-06,5.29665314275e-07
1,0,coef,netexch_ger,-.0000687307529405,.0000136261289148,4.55801562271e-07
1,0,coef,netexch_pl,-.0000358039774344,.0000141333850608,.0112997096357645
1,0,coef,netexch_se3,.0000238422574868,5.51987723872e-06,.0000156492547256
1,0,coef,ar_L1,.9192102796124685,.0065713955542906,0
1,0,var_coef,omega,-14.6733004261471,2.779972365696167,1.30446158542e-07
1,0,var_coef,arch1,.2135570913114306,.0574212095461642,.0001999081068096
1,0,var_coef,garch1,.461807034163272,.1719112298600859,.0072245800269248
1,0,var_coef,het_wind_log,-.0015804283618192,.0394844257434005,.9680718984210628
1,0,var_coef,het_hydro_log_ds,2.758200394135362,.660749239190609,.0000298834445782
1,0,var_coef,het_consump_log_ds,-2.692590929059508,.6764681484282576,.0000688091963716
1,0,var_coef,het_oil_log,2.537047761755853,.9174700826544222,.0056876597514066
1,0,var_coef,het_gas_log,.0232791856578037,.4273799530202266,.9565610831702989
1,0,var_coef,het_netexch_dk2,-.0000732340631038,.0001210085304938,.5450477604334671
1,0,var_coef,het_netexch_ger,-.0005242644987664,.0001643719436209,.0014251858537391
1,0,var_coef,het_netexch_pl,-.0001161971200799,.0001523857752961,.4457500293606902
1,0,var_coef,het_netexch_se3,-.000373915844012,.0000498955040162,6.68354260824e-14
1,0,var_coef,persistence,.6753641254747026,,
1,1,fit,N,8736,,
1,1,fit,ll,4518.507020748182,,
1,1,fit,AIC,-8989.014041496364,,
1,1,fit,BIC,-8819.209056744732,,
1,1,lbq_std,L1,.1103043259094163,,.7397979307908966
1,1,lbq_sq,L1,1.493171348670352,,.2217250584200902
1,1,lbq_std,L2,4.241061760256407,,.1199679230166109
1,1,lbq_sq,L2,1.824588539970367,,.4016017833567245
1,1,lbq_std,L3,11.36921558592969,,.0098880888756081
1,1,lbq_sq,L3,2.928760501797811,,.4027398248639316
1,1,lbq_std,L4,12.38938896540257,,.0146788058318402
1,1,lbq_sq,L4,9.323456936103227,,.0535039797814551
1,1,lbq_std,L5,12.51211953990487,,.0284059405213135
1,1,lbq_sq,L5,15.4879317300643,,.0084687893838778
1,1,lbq_std,L10,39.90955638715305,,.0000175775126904
1,1,lbq_sq,L10,33.8097631057076,,.0001989124065673
1,1,lbq_std,L15,66.74245985275464,,1.68791328149e-08
1,1,lbq_sq,L15,75.01783425802847,,5.62017960951e-10
1,1,lbq_std,L20,82.78721646409677,,1.31414713744e-09
1,1,lbq_sq,L20,87.63856341021106,,1.91246007887e-10
1,1,coef,_cons,1.289739244321148,1.185415572954424,.2765924630708343
1,1,coef,wind_log,-.099551671730496,.0123868784015094,8.88178419700e-16
1,1,coef,hydro_log_ds,-.5389746226325879,.2721671990608758,.0476690372861068
1,1,coef,consump_log_ds,1.556770531720819,.1414639227889914,0
1,1,coef,oil_log,-.0949153897487609,.3879306718543088,.8067111756371619
1,1,coef,gas_log,-.1063382927882485,.1598609118214454,.5059273241039424
1,1,coef,netexch_dk2,-.0000426906717886,9.45874001508e-06,6.38094363370e-06
1,1,coef,netexch_ger,-.0000677451377886,.000013721176694,7.92242354164e-07
1,1,coef,netexch_pl,-.0000369120698014,.0000145998246957,.0114631284072459
1,1,coef,netexch_se3,.0000236122200296,5.45948095263e-06,.0000152536309779
1,1,coef,ar_L1,.9013742222502026,.0077836271230783,0
1,1,coef,ma_L1,.1454393326192244,.0159443857195461,0
1,1,var_coef,omega,-15.03364649718214,2.77199528143084,5.84750747823e-08
1,1,var_coef,arch1,.2141814703153065,.0528562330922283,.0000507487591968
1,1,var_coef,garch1,.4647122995015043,.1612681822590152,.0039564682713367
1,1,var_coef,het_wind_log,-.0009657695586293,.0400522863937521,.9807626973504751
1,1,var_coef,het_hydro_log_ds,2.718929202571888,.6636455140456189,.0000418610990591
1,1,var_coef,het_consump_log_ds,-2.771848379951429,.6841051566242908,.0000508279278946
1,1,var_coef,het_oil_log,2.596271011155701,.9188963338560483,.0047218207285542
1,1,var_coef,het_gas_log,.0535821615860625,.4291040516588565,.9006265821538009
1,1,var_coef,het_netexch_dk2,-.0000892738723044,.0001207669711988,.4597708449505464
1,1,var_coef,het_netexch_ger,-.0005096007772962,.0001662726812279,.0021777940964736
1,1,var_coef,het_netexch_pl,-.0001257892986593,.0001512147714578,.4054887976269024
1,1,var_coef,het_netexch_se3,-.0003847693041122,.0000501166527748,1.62092561595e-14
1,1,var_coef,persistence,.6788937698168107,,
1,2,fit,N,8736,,
1,2,fit,ll,4521.344840887834,,
1,2,fit,AIC,-8992.689681775668,,
1,2,fit,BIC,-8815.809489326051,,
1,2,lbq_std,L1,.014131112913559,,.9053748972945427
1,2,lbq_sq,L1,1.490048222041042,,.2222089780736713
1,2,lbq_std,L2,.0390764787329251,,.980651394983614
1,2,lbq_sq,L2,1.84704153316964,,.3971184156456926
1,2,lbq_std,L3,12.70377276586922,,.0053230406550121
1,2,lbq_sq,L3,2.952390212742727,,.3990240677169955
1,2,lbq_std,L4,14.81518583198145,,.0051002909091976
1,2,lbq_sq,L4,9.237396187074546,,.0554320067757186
1,2,lbq_std,L5,14.87633728363603,,.010904006749402
1,2,lbq_sq,L5,15.27954321185594,,.009232346543493
1,2,lbq_std,L10,42.47831462270231,,6.16279814907e-06
1,2,lbq_sq,L10,33.50903560750528,,.0002235968659266
1,2,lbq_std,L15,65.89955807449101,,2.37543103995e-08
1,2,lbq_sq,L15,75.37519962216452,,4.84354591510e-10
1,2,lbq_std,L20,79.97035590670362,,3.97168342484e-09
1,2,lbq_sq,L20,87.70217700094392,,1.86439884048e-10
1,2,coef,_cons,1.305438113923041,1.206471168353148,.2792391552188089
1,2,coef,wind_log,-.0983591994533537,.0123629169373621,1.77635683940e-15
1,2,coef,hydro_log_ds,-.5265459633362164,.2772722331227553,.0575616343681882
1,2,coef,consump_log_ds,1.550869208405605,.14120580318995,0
1,2,coef,oil_log,-.0958734765282796,.3942879900396047,.8078845784067183
1,2,coef,gas_log,-.1117589241964438,.1629262969578057,.4927460677847051
1,2,coef,netexch_dk2,-.000043104862865,9.47155748928e-06,5.33967805572e-06
1,2,coef,netexch_ger,-.0000674677321155,.0000136647640581,7.91909972042e-07
1,2,coef,netexch_pl,-.0000362169626086,.0000144853863995,.0124108709341091
1,2,coef,netexch_se3,.0000234938009768,5.46408913670e-06,.0000171049678863
1,2,coef,ar_L1,.9080908761795982,.0084483535730448,0
1,2,coef,ma_L1,.1307678492050657,.0183198193785403,9.46576150795e-13
1,2,coef,ma_L2,-.0341261805136506,.0167414476415384,.0415074774416235
1,2,var_coef,omega,-14.99278113830038,2.773080842665767,6.42527657746e-08
1,2,var_coef,arch1,.2125597082986397,.0531648201922967,.0000638456675031
1,2,var_coef,garch1,.4671600667566403,.1645051789866204,.0045143323458576
1,2,var_coef,het_wind_log,-.0019916583375483,.039946117395663,.9602350517279217
1,2,var_coef,het_hydro_log_ds,2.707844055843833,.661947940891718,.0000430035011822
1,2,var_coef,het_consump_log_ds,-2.759402833593449,.6824428355464845,.0000526771934006
1,2,var_coef,het_oil_log,2.586666573053323,.9185577576853741,.0048624360467631
1,2,var_coef,het_gas_log,.0525511770319415,.4286967583800163,.9024368693502069
1,2,var_coef,het_netexch_dk2,-.0000945991794827,.0001213615972859,.4356958420756858
1,2,var_coef,het_netexch_ger,-.0005109498056861,.0001662421142111,.0021154378012282
1,2,var_coef,het_netexch_pl,-.0001244533135538,.0001515417281608,.4115051242919341
1,2,var_coef,het_netexch_se3,-.0003847557131001,.0000500583543685,1.50990331349e-14
1,2,var_coef,persistence,.67971977505528,,
1,3,fit,N,8736,,
1,3,fit,ll,4531.686087415024,,
1,3,fit,AIC,-9011.372174830049,,
1,3,fit,BIC,-8827.416774682446,,
1,3,lbq_std,L1,.057486806837667,,.810513166478136
1,3,lbq_sq,L1,1.670752779259336,,.1961577362283702
1,3,lbq_std,L2,.4320974333085967,,.8056960501014375
1,3,lbq_sq,L2,1.957778064389764,,.3757282890986837
1,3,lbq_std,L3,.4559166548604099,,.9284639206672911
1,3,lbq_sq,L3,3.202111023743701,,.3615009744086684
1,3,lbq_std,L4,11.57996383066889,,.0207640191822764
1,3,lbq_sq,L4,8.870007291917256,,.0644320915139243
1,3,lbq_std,L5,12.21702041436603,,.0319321124625432
1,3,lbq_sq,L5,15.43664432299274,,.0086508116178374
1,3,lbq_std,L10,42.60494080073783,,5.85042853231e-06
1,3,lbq_sq,L10,33.6792922660242,,.0002092752350122
1,3,lbq_std,L15,58.24704446987077,,5.03494101158e-07
1,3,lbq_sq,L15,76.24824189427495,,3.36611725097e-10
1,3,lbq_std,L20,69.82188931440223,,1.94744906458e-07
1,3,lbq_sq,L20,89.18251333069144,,1.02984741368e-10
1,3,coef,_cons,1.125283908507755,1.246533185327739,.3666687818895751
1,3,coef,wind_log,-.0977850905677688,.012129933243391,6.66133814775e-16
1,3,coef,hydro_log_ds,-.5181570618683832,.2861592360930357,.0701826845935942
1,3,coef,consump_log_ds,1.542669870876081,.1405437046664916,0
1,3,coef,oil_log,-.0331576929078046,.4063556934147716,.9349666245713906
1,3,coef,gas_log,-.1357567969939973,.1696851216976232,.4236810932148785
1,3,coef,netexch_dk2,-.0000436679369355,9.41995771952e-06,3.55760990378e-06
1,3,coef,netexch_ger,-.0000670398189595,.0000137294477112,1.04525353994e-06
1,3,coef,netexch_pl,-.0000364707435473,.0000144075170446,.011361821529561
1,3,coef,netexch_se3,.0000235454955592,5.46083027274e-06,.0000161999624797
1,3,coef,ar_L1,.9221717270078894,.00883014236739,0
1,3,coef,ma_L1,.1121824131409151,.0187465299195234,2.17496687327e-09
1,3,coef,ma_L2,-.0622069250142086,.0191675181834274,.0011727153445165
1,3,coef,ma_L3,-.0629522301858319,.0164683606319741,.0001320429579836
1,3,var_coef,omega,-14.82280916629525,2.760907132615774,7.92541481331e-08
1,3,var_coef,arch1,.2181755628929654,.052735744733122,.0000351649830717
1,3,var_coef,garch1,.4499969519804536,.1587027741479534,.0045758315182605
1,3,var_coef,het_wind_log,-.0019066635722565,.0396176867209284,.9616153669337582
1,3,var_coef,het_hydro_log_ds,2.677737149068485,.6571583936767162,.0000460695326725
1,3,var_coef,het_consump_log_ds,-2.673223437614248,.6801274987205848,.0000847785679861
1,3,var_coef,het_oil_log,2.557119327745792,.9162397296371542,.0052564213819772
1,3,var_coef,het_gas_log,.046690472691334,.4270901578103745,.9129468702818342
1,3,var_coef,het_netexch_dk2,-.0000935187599246,.0001186591262455,.4306209510499059
1,3,var_coef,het_netexch_ger,-.0005252469412736,.000163808371216,.0013437342237539
1,3,var_coef,het_netexch_pl,-.0001274950031864,.0001485847874948,.390858068154273
1,3,var_coef,het_netexch_se3,-.0003833744158416,.0000494909648088,9.54791801178e-15
1,3,var_coef,persistence,.668172514873419,,
2,0,fit,N,8736,,
2,0,fit,ll,4511.917073962276,,
2,0,fit,AIC,-8975.834147924552,,
2,0,fit,BIC,-8806.02916317292,,
2,0,lbq_std,L1,.4793286502387654,,.4887265679259786
2,0,lbq_sq,L1,1.611985381981651,,.2042129430157953
2,0,lbq_std,L2,11.90114255374256,,.0026043522871266
2,0,lbq_sq,L2,1.800051757208939,,.4065591384213245
2,0,lbq_std,L3,18.54831441597448,,.0003389517680055
2,0,lbq_sq,L3,2.95451022103352,,.3986921129643211
2,0,lbq_std,L4,19.35138395676531,,.0006703419524153
2,0,lbq_sq,L4,9.510503108367296,,.0495318787066185
2,0,lbq_std,L5,19.55117805756458,,.0015167138130008
2,0,lbq_sq,L5,15.42036950974271,,.0087093625363879
2,0,lbq_std,L10,47.63592856930956,,7.23249753762e-07
2,0,lbq_sq,L10,33.48194017040525,,.0002259629450895
2,0,lbq_std,L15,75.13144625406305,,5.36072508256e-10
2,0,lbq_sq,L15,74.70124258024448,,6.41088263782e-10
2,0,lbq_std,L20,91.38950322530388,,4.23253787450e-11
2,0,lbq_sq,L20,87.51074940466924,,2.01277665858e-10
2,0,coef,_cons,1.352612135757315,1.191987222536697,.2564784515090088
2,0,coef,wind_log,-.0993858396233685,.0124315739852262,1.33226762955e-15
2,0,coef,hydro_log_ds,-.5358487501058963,.2722683711496701,.0490576445726523
2,0,coef,consump_log_ds,1.566424724230551,.1417550117557092,0
2,0,coef,oil_log,-.1147511732238338,.3893010800594572,.7681756807147164
2,0,coef,gas_log,-.1017788748803068,.1597911646517125,.5241578506684803
2,0,coef,netexch_dk2,-.0000431325868102,9.48843845771e-06,5.47258000538e-06
2,0,coef,netexch_ger,-.0000681029777131,.0000137436379871,7.22423340482e-07
2,0,coef,netexch_pl,-.0000370745498118,.0000145924681228,.0110642377291121
2,0,coef,netexch_se3,.0000237483337275,5.46424329572e-06,.0000138557924687
2,0,coef,ar_L1,1.031719005576789,.0148525886555638,0
2,0,coef,ar_L2,-.1183001282893894,.0143377626425949,2.22044604925e-16
2,0,var_coef,omega,-15.03148826519526,2.781389415914109,6.50586526874e-08
2,0,var_coef,arch1,.2121577452244424,.0537171160540003,.000078302459231
2,0,var_coef,garch1,.4697976078317923,.1633350352422149,.0040239014918926
2,0,var_coef,het_wind_log,-.0007534730836271,.0400781363152861,.9850005717982933
2,0,var_coef,het_hydro_log_ds,2.727031968405409,.664930176174549,.0000410958809165
2,0,var_coef,het_consump_log_ds,-2.7705707508124,.6840420816770337,.0000511535759691
2,0,var_coef,het_oil_log,2.597567960207301,.9204344230296237,.0047708685548187
2,0,var_coef,het_gas_log,.0488177263892626,.4292727911325163,.9094582349021807
2,0,var_coef,het_netexch_dk2,-.0000863789829055,.0001217179587359,.4779118619378546
2,0,var_coef,het_netexch_ger,-.00050731833371,.0001673520303086,.0024338693968806
2,0,var_coef,het_netexch_pl,-.000122812607137,.0001525390506927,.4207490486783059
2,0,var_coef,het_netexch_se3,-.0003836117910261,.0000502730433691,2.33146835171e-14
2,0,var_coef,persistence,.6819553530562347,,
2,1,fit,N,8736,,
2,1,fit,ll,4521.60084468184,,
2,1,fit,AIC,-8993.201689363679,,
2,1,fit,BIC,-8816.321496914063,,
2,1,lbq_std,L1,.0003705998063445,,.9846408977629987
2,1,lbq_sq,L1,1.470266790336271,,.2253036049175924
2,1,lbq_std,L2,.4547795322272687,,.7966102300992438
2,1,lbq_sq,L2,2.000990413961993,,.3676973098040931
2,1,lbq_std,L3,13.7302461807259,,.0032963054115138
2,1,lbq_sq,L3,3.084512014837145,,.3787777397877439
2,1,lbq_std,L4,15.07367603462134,,.0045508223155522
2,1,lbq_sq,L4,9.426818212424326,,.0512728852415808
2,1,lbq_std,L5,15.08134875462428,,.0100203441951635
2,1,lbq_sq,L5,15.45359477156798,,.0085902367279303
2,1,lbq_std,L10,42.45952958534861,,6.21052113105e-06
2,1,lbq_sq,L10,33.68212125232657,,.0002090450262319
2,1,lbq_std,L15,67.03325720643601,,1.49988542977e-08
2,1,lbq_sq,L15,75.40547585349655,,4.78287298075e-10
2,1,lbq_std,L20,81.6511473362884,,2.05538327238e-09
2,1,lbq_sq,L20,87.81578135477183,,1.78153358531e-10
2,1,coef,_cons,1.249512992180543,1.19567151994517,.2960089560727308
2,1,coef,wind_log,-.0985414883424131,.0123461232146647,1.55431223448e-15
2,1,coef,hydro_log_ds,-.5367657922422731,.2751172761115253,.0510518631764616
2,1,coef,consump_log_ds,1.547462498554668,.1410838082900621,0
2,1,coef,oil_log,-.0845201460085794,.3915175440114403,.8290826040346808
2,1,coef,gas_log,-.1084719046806914,.1617344552109508,.5024250357751889
2,1,coef,netexch_dk2,-.0000430211624054,9.45995950436e-06,5.42325236452e-06
2,1,coef,netexch_ger,-.0000675640805664,.0000136672550398,7.67321981288e-07
2,1,coef,netexch_pl,-.00003638324013,.0000145027675229,.0121172866331871
2,1,coef,netexch_se3,.0000235127096249,5.46196930454e-06,.000016713332107
2,1,coef,ar_L1,.723305058676381,.0746113467292171,0
2,1,coef,ar_L2,.1652777229528999,.0697173069744104,.0177551909538594
2,1,coef,ma_L1,.3175463790056214,.068247986831659,3.27407876455e-06
2,1,var_coef,omega,-15.0022325598466,2.774546104474527,6.40554052023e-08
2,1,var_coef,arch1,.2124397212611707,.0530840802215418,.000062823144642
2,1,var_coef,garch1,.4687024300157996,.1642451144236856,.0043216508442823
2,1,var_coef,het_wind_log,-.0018420452999738,.040031812847183,.9632986639983039
2,1,var_coef,het_hydro_log_ds,2.716588344772414,.6629372883021085,.0000417084749766
2,1,var_coef,het_consump_log_ds,-2.76527208686675,.6832483803105848,.0000518244774863
2,1,var_coef,het_oil_log,2.587985298205925,.9190727816876861,.0048646034184696
2,1,var_coef,het_gas_log,.0528166395932439,.4290574955882326,.9020285352983586
2,1,var_coef,het_netexch_dk2,-.0000931471363322,.0001215812603272,.4435985364436674
2,1,var_coef,het_netexch_ger,-.0005106447771043,.0001664560876627,.0021568081075818
2,1,var_coef,het_netexch_pl,-.0001255434388116,.0001516786417864,.40784405295534
2,1,var_coef,het_netexch_se3,-.0003850924348481,.0000501585184822,1.62092561595e-14
2,1,var_coef,persistence,.6811421512769703,,
2,2,fit,N,8736,,
2,2,fit,ll,4556.052290319434,,
2,2,fit,AIC,-9060.104580638868,,
2,2,fit,BIC,-8876.149180491266,,
2,2,lbq_std,L1,.4717366849267077,,.4921892953978035
2,2,lbq_sq,L1,1.765843693688562,,.1838972922264113
2,2,lbq_std,L2,4.806072287018617,,.0904429382681522
2,2,lbq_sq,L2,1.785955336091347,,.4094347749750096
2,2,lbq_std,L3,5.098139540288035,,.1647503303804427
2,2,lbq_sq,L3,2.988934871928811,,.3933343495261632
2,2,lbq_std,L4,5.132343478962034,,.2739857829616668
2,2,lbq_sq,L4,8.068936656894333,,.0890853479532776
2,2,lbq_std,L5,5.813332362094245,,.3248083570520092
2,2,lbq_sq,L5,13.54008418293527,,.0188105091286099
2,2,lbq_std,L10,22.66085820508599,,.0120700519116751
2,2,lbq_sq,L10,27.71152326989759,,.002007453636307
2,2,lbq_std,L15,26.89297381926279,,.0296205551413102
2,2,lbq_sq,L15,76.40269916797459,,3.15597627725e-10
2,2,lbq_std,L20,34.18603816457489,,.0248934170322402
2,2,lbq_sq,L20,87.29408231552131,,2.19490617422e-10
2,2,coef,_cons,1.910327817879396,1.585009860801893,.2281081000074143
2,2,coef,wind_log,-.1068600914555317,.0117143243946503,0
2,2,coef,hydro_log_ds,-.3722744118252469,.3269331187301001,.2548338293561625
2,2,coef,consump_log_ds,1.546314453457372,.145021645965292,0
2,2,coef,oil_log,-.162434324825028,.4696232933422736,.729431267195283
2,2,coef,gas_log,-.1986317528435803,.2050834953600942,.3327743037254587
2,2,coef,netexch_dk2,-.0000434143500257,9.36975911460e-06,3.59614291323e-06
2,2,coef,netexch_ger,-.0000647816838535,.0000137067246472,2.28681346970e-06
2,2,coef,netexch_pl,-.0000381075852851,.0000143093673774,.0077419432453105
2,2,coef,netexch_se3,.000024467233456,5.46924056698e-06,7.69110059862e-06
2,2,coef,ar_L1,1.713138375679839,.0241092993676741,0
2,2,coef,ar_L2,-.720535083651042,.0225132786464314,0
2,2,coef,ma_L1,-.6936554318511883,.0262923844775015,0
2,2,coef,ma_L2,-.1760838038493764,.0136829947549372,0
2,2,var_coef,omega,-14.85791016341081,2.716192969881447,4.49722870055e-08
2,2,var_coef,arch1,.2159245999349559,.0458261537020978,2.45513868657e-06
2,2,var_coef,garch1,.4565567929873497,.131434091660294,.0005134192194665
2,2,var_coef,het_wind_log,.0030045881164536,.0398193570748517,.9398523300080115
2,2,var_coef,het_hydro_log_ds,2.579384908648736,.6559537591016594,.0000841487468253
2,2,var_coef,het_consump_log_ds,-2.548480298478868,.6752009520208426,.0001603914909887
2,2,var_coef,het_oil_log,2.582029197717027,.9072824511572954,.0044287008849353
2,2,var_coef,het_gas_log,.0123238672468094,.4260068513879126,.9769213756938475
2,2,var_coef,het_netexch_dk2,-.0001011003973396,.0001157497942858,.3824237812827642
2,2,var_coef,het_netexch_ger,-.0005041357762986,.0001593941461351,.0015624627171702
2,2,var_coef,het_netexch_pl,-.0001190873241044,.000147069111222,.418091257235047
2,2,var_coef,het_netexch_se3,-.0003811735842729,.0000486228818884,4.44089209850e-15
2,2,var_coef,persistence,.6724813929223056,,
2,3,fit,N,8736,,
2,3,fit,ll,4560.440999981647,,
2,3,fit,AIC,-9066.881999963294,,
2,3,fit,BIC,-8875.851392117707,,
2,3,lbq_std,L1,.0580692731014284,,.8095739741603761
2,3,lbq_sq,L1,1.798216646341891,,.1799282432481654
2,3,lbq_std,L2,.3072819352696755,,.8575798646723606
2,3,lbq_sq,L2,1.807243703734648,,.405099788094744
2,3,lbq_std,L3,2.007713421267408,,.5708072995571863
2,3,lbq_sq,L3,2.879652272663612,,.4105550191025027
2,3,lbq_std,L4,2.435957492689937,,.6561391196966778
2,3,lbq_sq,L4,8.008680921199561,,.0912607182977943
2,3,lbq_std,L5,4.066885286946666,,.5398268886874266
2,3,lbq_sq,L5,13.51246286789919,,.0190216680384049
2,3,lbq_std,L10,19.07950389402176,,.0392644053243128
2,3,lbq_sq,L10,27.28032833207523,,.0023511115665698
2,3,lbq_std,L15,22.52538669450962,,.0947498807634487
2,3,lbq_sq,L15,75.32553158666863,,4.94474059069e-10
2,3,lbq_std,L20,30.07420801571066,,.0686601148692838
2,3,lbq_sq,L20,86.70847236786776,,2.77321100899e-10
2,3,coef,_cons,1.708241701844125,1.539950406528696,.2673078657910843
2,3,coef,wind_log,-.107468726746842,.0117375314554069,0
2,3,coef,hydro_log_ds,-.3853425471383495,.3253328002558632,.236232409412563
2,3,coef,consump_log_ds,1.54604520864665,.1449842426825712,0
2,3,coef,oil_log,-.117308706982612,.4629669021882587,.799970987385445
2,3,coef,gas_log,-.1925899001485288,.201964917031847,.3402957956246371
2,3,coef,netexch_dk2,-.0000432017795707,9.34862596379e-06,3.81544595607e-06
2,3,coef,netexch_ger,-.0000650095735183,.0000137713354161,2.35098964430e-06
2,3,coef,netexch_pl,-.0000390629012276,.0000143744659822,.0065773146492074
2,3,coef,netexch_se3,.0000245262142295,5.46090590990e-06,7.08112163128e-06
2,3,coef,ar_L1,1.665862985974359,.033360567857549,0
2,3,coef,ar_L2,-.6749718106358494,.0313624342296386,0
2,3,coef,ma_L1,-.6401435578950825,.0365895469236587,0
2,3,coef,ma_L2,-.1570599334324981,.015414367215968,0
2,3,coef,ma_L3,-.0441189305819104,.0150898542654877,.0034584465408269
2,3,var_coef,omega,-14.837967475326,2.721556900050628,4.98024153028e-08
2,3,var_coef,arch1,.2185536814339263,.0451055704506762,1.26368832909e-06
2,3,var_coef,garch1,.4526078779124066,.1253097071698055,.0003039454444327
2,3,var_coef,het_wind_log,.0036104059638625,.0398562641991579,.9278218274161352
2,3,var_coef,het_hydro_log_ds,2.571349565443195,.6564816201796591,.0000897081299149
2,3,var_coef,het_consump_log_ds,-2.532035616936817,.6767410371171295,.0001829154675341
2,3,var_coef,het_oil_log,2.58199712798493,.9104032623620488,.0045667761817512
2,3,var_coef,het_gas_log,.0076679590280985,.4272973575358533,.9856825284403858
2,3,var_coef,het_netexch_dk2,-.0000954432527496,.0001148417807834,.405925753725203
2,3,var_coef,het_netexch_ger,-.0005070753434785,.0001590487857276,.00143173916342
2,3,var_coef,het_netexch_pl,-.0001262648016102,.0001466003646103,.3890806947520637
2,3,var_coef,het_netexch_se3,-.0003813264060899,.0000486544316646,4.66293670343e-15
2,3,var_coef,persistence,.6711615593463329,,
3,0,fit,N,8736,,
3,0,fit,ll,4523.534483985759,,
3,0,fit,AIC,-8997.068967971518,,
3,0,fit,BIC,-8820.188775521901,,
3,0,lbq_std,L1,.0071118880468169,,.9327924621011118
3,0,lbq_sq,L1,1.51566131962038,,.2182772474488687
3,0,lbq_std,L2,.3338728260225611,,.8462534203330867
3,0,lbq_sq,L2,1.739097098160465,,.4191407280091348
3,0,lbq_std,L3,8.365661216716109,,.0390292283887654
3,0,lbq_sq,L3,2.903089060772424,,.4068095402376114
3,0,lbq_std,L4,12.35181825127818,,.014918105572601
3,0,lbq_sq,L4,9.01996955882484,,.0606022705608164
3,0,lbq_std,L5,12.62534248419903,,.027154452920389
3,0,lbq_sq,L5,15.26142200831127,,.0093018190147884
3,0,lbq_std,L10,40.54123322818389,,.0000136015573919
3,0,lbq_sq,L10,33.62484442472351,,.0002137546397476
3,0,lbq_std,L15,62.10554096897246,,1.09200423394e-07
3,0,lbq_sq,L15,75.56885103216486,,4.46827465688e-10
3,0,lbq_std,L20,75.43898059393186,,2.30150291603e-08
3,0,lbq_sq,L20,87.88652094653304,,1.73179358446e-10
3,0,coef,_cons,1.321632040474833,1.221809494143868,.2793855946318642
3,0,coef,wind_log,-.0982683255293074,.0122932805071102,1.33226762955e-15
3,0,coef,hydro_log_ds,-.5171292929134356,.2799716142125324,.0647358966740921
3,0,coef,consump_log_ds,1.55137700484356,.1413660340481078,0
3,0,coef,oil_log,-.0942452656379272,.3980854103300352,.8128535792010918
3,0,coef,gas_log,-.1187674841927859,.1645566719974529,.4704530300745402
3,0,coef,netexch_dk2,-.0000431118348491,9.45229268950e-06,5.09124309023e-06
3,0,coef,netexch_ger,-.0000672300938484,.0000136732286533,8.79190050984e-07
3,0,coef,netexch_pl,-.0000361228644057,.0000144677335569,.0125323834339659
3,0,coef,netexch_se3,.0000234540846559,5.46359201513e-06,.0000176437289365
3,0,coef,ar_L1,1.041145037070919,.0152328776118618,0
3,0,coef,ar_L2,-.1823582832483634,.0190737681253187,0
3,0,coef,ar_L3,.058636589352527,.0126908781460261,3.83050962349e-06
3,0,var_coef,omega,-14.96349989231714,2.764615734469799,6.21486910823e-08
3,0,var_coef,arch1,.2144848569768695,.0531687709030221,.0000548263809967
3,0,var_coef,garch1,.4609113721449137,.1638402532944828,.0049054883276047
3,0,var_coef,het_wind_log,-.0021205777538644,.0398224935911671,.9575321182254777
3,0,var_coef,het_hydro_log_ds,2.693398400866119,.6599637796586644,.0000448171550886
3,0,var_coef,het_consump_log_ds,-2.74306184334307,.6818240060430615,.0000574314823183
3,0,var_coef,het_oil_log,2.581958843630928,.91648400704587,.0048437749084169
3,0,var_coef,het_gas_log,.0529598254653173,.4280121679708826,.9015255798460926
3,0,var_coef,het_netexch_dk2,-.00009583740814,.0001204561518206,.4262525297979221
3,0,var_coef,het_netexch_ger,-.0005142873898094,.0001654530158931,.0018812931862566
3,0,var_coef,het_netexch_pl,-.0001248775755153,.0001505565114326,.4068555401530014
3,0,var_coef,het_netexch_se3,-.0003845144418825,.0000498270335709,1.19904086660e-14
3,0,var_coef,persistence,.6753962291217832,,
3,1,fit,N,8736,,
3,1,fit,ll,4555.998780248285,,
3,1,fit,AIC,-9059.997560496569,,
3,1,fit,BIC,-8876.042160348967,,
3,1,lbq_std,L1,.2461512559296245,,.6197982300882046
3,1,lbq_sq,L1,1.77996124352986,,.1821540855806856
3,1,lbq_std,L2,.5341464368616441,,.7656170121368716
3,1,lbq_sq,L2,1.859402921025511,,.3946715178181984
3,1,lbq_std,L3,1.053778396652573,,.7882422131651601
3,1,lbq_sq,L3,2.959265373761516,,.3979483886960344
3,1,lbq_std,L4,1.953264958713691,,.7443545212396939
3,1,lbq_sq,L4,8.017105726801191,,.090953595721888
3,1,lbq_std,L5,3.915344547024429,,.5616676231787612
3,1,lbq_sq,L5,13.292709960981,,.0207848454117712
3,1,lbq_std,L10,18.61410714674738,,.0454468697833952
3,1,lbq_sq,L10,26.84065522139802,,.0027598212829352
3,1,lbq_std,L15,21.85241421237836,,.1117325753144223
3,1,lbq_sq,L15,75.35365859540288,,4.88717879614e-10
3,1,lbq_std,L20,29.46757789635897,,.0789524286713395
3,1,lbq_sq,L20,86.36689894415899,,3.17795217625e-10
3,1,coef,_cons,1.983268737583305,1.658285385095541,.2317061094429553
3,1,coef,wind_log,-.1070453864274637,.011764572235537,0
3,1,coef,hydro_log_ds,-.3609941369564091,.3299913816897828,.2739768215546521
3,1,coef,consump_log_ds,1.556853210403962,.1458710552329153,0
3,1,coef,oil_log,-.180819268649867,.4808311216814757,.7068755111507745
3,1,coef,gas_log,-.1989023197425999,.2059593562867664,.3341764103404912
3,1,coef,netexch_dk2,-.0000430963729934,9.36513366886e-06,4.18876598385e-06
3,1,coef,netexch_ger,-.0000647718701929,.0000137704778969,2.55518283532e-06
3,1,coef,netexch_pl,-.000038686926712,.0000143768285997,.0071254817656321
3,1,coef,netexch_se3,.0000245752033154,5.46376616684e-06,6.86439411401e-06
3,1,coef,ar_L1,1.894742521710078,.0265973898906445,0
3,1,coef,ar_L2,-1.063591384096834,.0337312452980016,0
3,1,coef,ar_L3,.1615728694753291,.0143320414302028,0
3,1,coef,ma_L1,-.8725624169308157,.0240122681096783,0
3,1,var_coef,omega,-14.89078251170246,2.724083842411847,4.59409379427e-08
3,1,var_coef,arch1,.2168367766509558,.0454668820784368,1.85037268530e-06
3,1,var_coef,garch1,.456213487698576,.1268321478642526,.0003219255351308
3,1,var_coef,het_wind_log,.0038928859537662,.0398811868456086,.9222403248383693
3,1,var_coef,het_hydro_log_ds,2.567168070870452,.6571046452243069,.0000935314249519
3,1,var_coef,het_consump_log_ds,-2.542328165670695,.6766087542611261,.000171648986891
3,1,var_coef,het_oil_log,2.594004504482184,.910306405187981,.0043774942168351
3,1,var_coef,het_gas_log,.0064586776883528,.4272397335316659,.987938661756194
3,1,var_coef,het_netexch_dk2,-.000097413340528,.000115407282427,.3986229522847715
3,1,var_coef,het_netexch_ger,-.0005025950913792,.0001595451706996,.0016317309912521
3,1,var_coef,het_netexch_pl,-.0001213713838516,.000147418877818,.4103319306233844
3,1,var_coef,het_netexch_se3,-.0003810191815133,.0000487159894044,5.32907051820e-15
3,1,var_coef,persistence,.6730502643495317,,
3,2,fit,N,8736,,
3,2,fit,ll,4526.972555881395,,
3,2,fit,AIC,-8999.94511176279,,
3,2,fit,BIC,-8808.914503917204,,
3,2,lbq_std,L1,.0270661340032519,,.869323469531896
3,2,lbq_sq,L1,1.562204882138145,,.211342674958038
3,2,lbq_std,L2,.3086326997510887,,.8570008660064902
3,2,lbq_sq,L2,1.971763274183765,,.373110134154148
3,2,lbq_std,L3,1.002011273207746,,.8007652878298088
3,2,lbq_sq,L3,3.104777197839819,,.3757510151529094
3,2,lbq_std,L4,11.8002665069949,,.018900015629114
3,2,lbq_sq,L4,8.875362019429316,,.0642914694365894
3,2,lbq_std,L5,12.45455648494708,,.0290631660239564
3,2,lbq_sq,L5,15.6019680830014,,.00807730901356
3,2,lbq_std,L10,36.58054647067718,,.0000668695029295
3,2,lbq_sq,L10,34.05636820336905,,.0001806810709703
3,2,lbq_std,L15,58.9757232844783,,3.77978884304e-07
3,2,lbq_sq,L15,75.34952005226398,,4.89560633466e-10
3,2,lbq_std,L20,72.46499635352097,,7.17394288399e-08
3,2,lbq_sq,L20,88.15514315446143,,1.55516037333e-10
3,2,coef,_cons,1.224906769381614,1.195521822564359,.3055617921842
3,2,coef,wind_log,-.0988269531768882,.0122983192761622,8.88178419700e-16
3,2,coef,hydro_log_ds,-.5359089121985223,.2795486311252354,.0552314849165216
3,2,coef,consump_log_ds,1.544448265105628,.1408046228581435,0
3,2,coef,oil_log,-.0725621320591275,.3919735072694964,.8531349222041789
3,2,coef,gas_log,-.1153617749295511,.1638001626657664,.4812561520210688
3,2,coef,netexch_dk2,-.0000434116211742,9.45372774763e-06,4.38995364926e-06
3,2,coef,netexch_ger,-.0000674409487267,.0000137057709035,8.62686108549e-07
3,2,coef,netexch_pl,-.0000371917660023,.0000145144757616,.0103954131336397
3,2,coef,netexch_se3,.0000233409307302,5.46375100861e-06,.0000193761547591
3,2,coef,ar_L1,.814554413465975,.4090572606084407,.0464482672270485
3,2,coef,ar_L2,-.2037777040993463,.4362607661904608,.6404278418747187
3,2,coef,ar_L3,.2646207159594861,.1028656855343183,.0100970529045492
3,2,coef,ma_L1,.2279457663550672,.4105768207751508,.5787686706148052
3,2,coef,ma_L2,.2724268086794953,.0973953779188409,.005155997092203
3,2,var_coef,omega,-14.8941159575453,2.76533898092135,7.20429325085e-08
3,2,var_coef,arch1,.2172427705270502,.0536532187851425,.0000514333091692
3,2,var_coef,garch1,.4538966314526475,.1641417707870658,.0056875361131568
3,2,var_coef,het_wind_log,-.0016487482323831,.0397450049752682,.9669107210446677
3,2,var_coef,het_hydro_log_ds,2.69313974467321,.6591648870194484,.0000439470672675
3,2,var_coef,het_consump_log_ds,-2.735173199174075,.682293543396663,.0000610300276664
3,2,var_coef,het_oil_log,2.562073925092474,.9162676500896485,.0051706287286113
3,2,var_coef,het_gas_log,.0600654555056444,.4274336251756444,.8882445630377032
3,2,var_coef,het_netexch_dk2,-.0000923498872842,.0001196583942355,.4402450768985107
3,2,var_coef,het_netexch_ger,-.0005205304470122,.0001652127366831,.0016289766248541
3,2,var_coef,het_netexch_pl,-.0001252697183464,.0001496071415973,.4024102165441454
3,2,var_coef,het_netexch_se3,-.0003845041257594,.0000496862209447,9.99200722163e-15
3,2,var_coef,persistence,.6711394019796977,,
3,3,fit,N,8736,,
3,3,fit,ll,4568.091871880231,,
3,3,fit,AIC,-9080.183743760463,,
3,3,fit,BIC,-8882.077928216891,,
3,3,lbq_std,L1,.1265499145515434,,.7220363738072522
3,3,lbq_sq,L1,1.724760077368802,,.1890814698012444
3,3,lbq_std,L2,2.585387130994299,,.2745303208954472
3,3,lbq_sq,L2,1.957178172156493,,.3758410042432988
3,3,lbq_std,L3,2.602640292775088,,.4570268574619651
3,3,lbq_sq,L3,3.015500086611206,,.3892415361749925
3,3,lbq_std,L4,2.684816429778689,,.6118741449825229
3,3,lbq_sq,L4,8.315566709455013,,.0806790412003803
3,3,lbq_std,L5,4.518138181503272,,.4774602858509079
3,3,lbq_sq,L5,14.74475586813003,,.0115104893317155
3,3,lbq_std,L10,21.24411085465796,,.0194542261287827
3,3,lbq_sq,L10,29.65294590373517,,.0009760370494759
3,3,lbq_std,L15,25.73063645534154,,.0409510928341882
3,3,lbq_sq,L15,78.24031273271196,,1.46300614438e-10
3,3,lbq_std,L20,32.99426101948475,,.0337897030977197
3,3,lbq_sq,L20,89.90697133565716,,7.69579121052e-11
3,3,coef,_cons,1.242859847533889,1.389542123680256,.3710873692815422
3,3,coef,wind_log,-.107607276351967,.0116867552955619,0
3,3,coef,hydro_log_ds,-.4309455526393157,.3178138305569033,.1751091811702872
3,3,coef,consump_log_ds,1.519312578102213,.1423239721274628,0
3,3,coef,oil_log,-.0079367708164632,.4404206782293099,.9856221915298107
3,3,coef,gas_log,-.1841844520961966,.1990923153301224,.3549030483969027
3,3,coef,netexch_dk2,-.0000437046817561,9.35397597715e-06,2.97830015095e-06
3,3,coef,netexch_ger,-.0000651991848752,.0000137009625167,1.94814572119e-06
3,3,coef,netexch_pl,-.0000390003056359,.0000142938068171,.0063627763399601
3,3,coef,netexch_se3,.0000244996456002,5.46090436024e-06,7.24463823842e-06
3,3,coef,ar_L1,.985979770022566,.0917282238725754,0
3,3,coef,ar_L2,.5280419465055459,.1589481187058158,.0008934185956249
3,3,coef,ar_L3,-.5265660450625932,.0719731160754678,2.55129251059e-13
3,3,coef,ma_L1,.037904103540913,.0908403869605113,.6764878911675469
3,3,coef,ma_L2,-.6784387488782039,.0719640316095088,0
3,3,coef,ma_L3,-.1400138553232821,.0168144566143454,0
3,3,var_coef,omega,-14.75377047986306,2.71513385878102,5.51349632616e-08
3,3,var_coef,arch1,.2180056318869283,.0454199416687706,1.58841691311e-06
3,3,var_coef,garch1,.4514307384244007,.1312732493035648,.0005841624745089
3,3,var_coef,het_wind_log,.0029463323175215,.0398649610832305,.9410837344178273
3,3,var_coef,het_hydro_log_ds,2.603352443333895,.6559448406897735,.0000722176609158
3,3,var_coef,het_consump_log_ds,-2.537207861166662,.6751490823189248,.0001712793040638
3,3,var_coef,het_oil_log,2.555765011476743,.9082394564251085,.0048932717444152
3,3,var_coef,het_gas_log,.0161216770576538,.4266209456917365,.9698557314213088
3,3,var_coef,het_netexch_dk2,-.0000934994493092,.0001153061314553,.4174345198460852
3,3,var_coef,het_netexch_ger,-.0005129207163567,.0001586046177206,.0012208728956111
3,3,var_coef,het_netexch_pl,-.0001280727334412,.0001460390913514,.3804998403793329
3,3,var_coef,het_netexch_se3,-.0003808346145004,.0000487017033709,5.32907051820e-15
3,3,var_coef,persistence,.669436370311329,,
